{
 "cells": [
  {
   "cell_type": "code",
   "execution_count": 1,
   "metadata": {},
   "outputs": [],
   "source": [
    "import numpy as np"
   ]
  },
  {
   "cell_type": "code",
   "execution_count": 2,
   "metadata": {},
   "outputs": [],
   "source": [
    "# Using the ‘array ’ function in numpy, create and print the coefficient matrix A and the right hand side vector b."
   ]
  },
  {
   "cell_type": "code",
   "execution_count": 3,
   "metadata": {},
   "outputs": [
    {
     "name": "stdout",
     "output_type": "stream",
     "text": [
      "[[5 0 4]\n",
      " [2 3 2]\n",
      " [1 2 1]]\n"
     ]
    }
   ],
   "source": [
    "a = np.array([[5, 0, 4], [2, 3, 2], [1, 2, 1]])\n",
    "print(a)"
   ]
  },
  {
   "cell_type": "code",
   "execution_count": 4,
   "metadata": {},
   "outputs": [
    {
     "name": "stdout",
     "output_type": "stream",
     "text": [
      "[[1]\n",
      " [2]\n",
      " [3]]\n"
     ]
    }
   ],
   "source": [
    "b = np.array([[1], [2], [3]])\n",
    "print(b)"
   ]
  },
  {
   "cell_type": "code",
   "execution_count": 5,
   "metadata": {},
   "outputs": [],
   "source": [
    "# Print the determinant of A using the ‘linalg.det’ function. If the determinant is nonzero \n",
    "# hence a unique solution for the above equation exists."
   ]
  },
  {
   "cell_type": "code",
   "execution_count": 6,
   "metadata": {},
   "outputs": [
    {
     "data": {
      "text/plain": [
       "-0.9999999999999996"
      ]
     },
     "execution_count": 6,
     "metadata": {},
     "output_type": "execute_result"
    }
   ],
   "source": [
    "np.linalg.det(a)"
   ]
  },
  {
   "cell_type": "code",
   "execution_count": 7,
   "metadata": {},
   "outputs": [],
   "source": [
    "# Print and store the solution x1 found using the ‘linalg.solve’ function.\n",
    "# Verify using np.dot(A, x1) to confirm if x1 is a solution."
   ]
  },
  {
   "cell_type": "code",
   "execution_count": 8,
   "metadata": {},
   "outputs": [
    {
     "name": "stdout",
     "output_type": "stream",
     "text": [
      "[[ 21.]\n",
      " [  4.]\n",
      " [-26.]]\n"
     ]
    }
   ],
   "source": [
    "x1 = np.linalg.solve(a, b)\n",
    "print(x1)"
   ]
  },
  {
   "cell_type": "code",
   "execution_count": 9,
   "metadata": {},
   "outputs": [
    {
     "name": "stdout",
     "output_type": "stream",
     "text": [
      "[[1.]\n",
      " [2.]\n",
      " [3.]]\n"
     ]
    }
   ],
   "source": [
    "# Verification\n",
    "v = np.dot(a, x1)\n",
    "print(v)"
   ]
  },
  {
   "cell_type": "code",
   "execution_count": null,
   "metadata": {},
   "outputs": [],
   "source": [
    "# We can also compute the solution x2 by computing the inverse of A.\n",
    "# Verify using np.dot(A, x2) to confirm if x2 is a solution."
   ]
  },
  {
   "cell_type": "code",
   "execution_count": 11,
   "metadata": {},
   "outputs": [
    {
     "name": "stdout",
     "output_type": "stream",
     "text": [
      "[[ 1.00000000e+00 -8.00000000e+00  1.20000000e+01]\n",
      " [-7.40148683e-18 -1.00000000e+00  2.00000000e+00]\n",
      " [-1.00000000e+00  1.00000000e+01 -1.50000000e+01]]\n"
     ]
    }
   ],
   "source": [
    "aInv = np.linalg.inv(a)\n",
    "print(aInv)"
   ]
  },
  {
   "cell_type": "code",
   "execution_count": 12,
   "metadata": {},
   "outputs": [
    {
     "name": "stdout",
     "output_type": "stream",
     "text": [
      "[[ 21.]\n",
      " [  4.]\n",
      " [-26.]]\n"
     ]
    }
   ],
   "source": [
    "x2 = np.dot(aInv, b)\n",
    "print(x2)"
   ]
  },
  {
   "cell_type": "code",
   "execution_count": null,
   "metadata": {},
   "outputs": [],
   "source": [
    "# Verification"
   ]
  },
  {
   "cell_type": "code",
   "execution_count": 13,
   "metadata": {},
   "outputs": [
    {
     "name": "stdout",
     "output_type": "stream",
     "text": [
      "[[1.]\n",
      " [2.]\n",
      " [3.]]\n"
     ]
    }
   ],
   "source": [
    "v = np.dot(a, x2)\n",
    "print(v)"
   ]
  },
  {
   "cell_type": "code",
   "execution_count": null,
   "metadata": {},
   "outputs": [],
   "source": [
    "# We can also compute the solution x3 by computing the QR factorization of A.\n",
    "# Verify using np.dot(A, x3) to confirm if x3 is a solution."
   ]
  },
  {
   "cell_type": "code",
   "execution_count": 14,
   "metadata": {},
   "outputs": [],
   "source": [
    "q, r = np.linalg.qr(a)"
   ]
  },
  {
   "cell_type": "code",
   "execution_count": 15,
   "metadata": {},
   "outputs": [
    {
     "name": "stdout",
     "output_type": "stream",
     "text": [
      "[[-0.91287093  0.40447396  0.05538488]\n",
      " [-0.36514837 -0.74827682 -0.55384878]\n",
      " [-0.18257419 -0.52581614  0.83077316]]\n"
     ]
    }
   ],
   "source": [
    "print(q)"
   ]
  },
  {
   "cell_type": "code",
   "execution_count": 16,
   "metadata": {},
   "outputs": [
    {
     "name": "stdout",
     "output_type": "stream",
     "text": [
      "[[-5.47722558 -1.46059349 -4.56435465]\n",
      " [ 0.         -3.29646275 -0.40447396]\n",
      " [ 0.          0.         -0.05538488]]\n"
     ]
    }
   ],
   "source": [
    "print(r)"
   ]
  },
  {
   "cell_type": "code",
   "execution_count": 18,
   "metadata": {},
   "outputs": [],
   "source": [
    "# Find the tranpose of q\n",
    "qT = np.transpose(q)"
   ]
  },
  {
   "cell_type": "code",
   "execution_count": 19,
   "metadata": {},
   "outputs": [],
   "source": [
    "# Create b1 that contains the value for qT.b\n",
    "b1 = np.dot(qT, b)"
   ]
  },
  {
   "cell_type": "code",
   "execution_count": 20,
   "metadata": {},
   "outputs": [
    {
     "name": "stdout",
     "output_type": "stream",
     "text": [
      "[[ 21.]\n",
      " [  4.]\n",
      " [-26.]]\n"
     ]
    }
   ],
   "source": [
    "# Solve using r and b1\n",
    "x3 =np.linalg.solve(r, b1)\n",
    "print(x3)"
   ]
  },
  {
   "cell_type": "code",
   "execution_count": null,
   "metadata": {},
   "outputs": [],
   "source": [
    "# Verification"
   ]
  },
  {
   "cell_type": "code",
   "execution_count": 21,
   "metadata": {},
   "outputs": [
    {
     "name": "stdout",
     "output_type": "stream",
     "text": [
      "[[1.]\n",
      " [2.]\n",
      " [3.]]\n"
     ]
    }
   ],
   "source": [
    "v = np.dot(a, x3)\n",
    "print(v)"
   ]
  },
  {
   "cell_type": "code",
   "execution_count": null,
   "metadata": {},
   "outputs": [],
   "source": [
    "# In this exercise we will see one of the reasons why it is a bad practice to compute the inverse of a matrix \n",
    "# in general. "
   ]
  },
  {
   "cell_type": "code",
   "execution_count": 23,
   "metadata": {},
   "outputs": [
    {
     "name": "stdout",
     "output_type": "stream",
     "text": [
      "[[ 2 -1  0  0  0  0  0]\n",
      " [-1  2 -1  0  0  0  0]\n",
      " [ 0 -1  2 -1  0  0  0]\n",
      " [ 0  0 -1  2 -1  0  0]\n",
      " [ 0  0  0 -1  2 -1  0]\n",
      " [ 0  0  0  0 -1  2 -1]\n",
      " [ 0  0  0  0  0 -1  2]]\n"
     ]
    }
   ],
   "source": [
    "m = np.array([[2, -1, 0, 0, 0, 0, 0],[-1, 2, -1, 0, 0, 0, 0],[0,-1, 2, -1, 0, 0, 0], [0, 0, -1, 2, -1, 0, 0], [0, 0, 0, -1, 2, -1, 0], [0, 0, 0, 0, -1, 2, -1], [0, 0, 0, 0, 0, -1, 2]])\n",
    "print(m)"
   ]
  },
  {
   "cell_type": "code",
   "execution_count": 24,
   "metadata": {},
   "outputs": [
    {
     "name": "stdout",
     "output_type": "stream",
     "text": [
      "[[0.875 0.75  0.625 0.5   0.375 0.25  0.125]\n",
      " [0.75  1.5   1.25  1.    0.75  0.5   0.25 ]\n",
      " [0.625 1.25  1.875 1.5   1.125 0.75  0.375]\n",
      " [0.5   1.    1.5   2.    1.5   1.    0.5  ]\n",
      " [0.375 0.75  1.125 1.5   1.875 1.25  0.625]\n",
      " [0.25  0.5   0.75  1.    1.25  1.5   0.75 ]\n",
      " [0.125 0.25  0.375 0.5   0.625 0.75  0.875]]\n"
     ]
    }
   ],
   "source": [
    "# Create and display the inverse matrix.\n",
    "mInv = np.linalg.inv(m)\n",
    "print(mInv)"
   ]
  },
  {
   "cell_type": "code",
   "execution_count": null,
   "metadata": {},
   "outputs": [],
   "source": [
    "# Find the pseudo inverse for a given matrix. This can be done usin ‘linalg.pinv ’ function."
   ]
  },
  {
   "cell_type": "code",
   "execution_count": 25,
   "metadata": {},
   "outputs": [
    {
     "name": "stdout",
     "output_type": "stream",
     "text": [
      "[[1 2]\n",
      " [3 4]\n",
      " [5 6]]\n"
     ]
    }
   ],
   "source": [
    "q = np.array([[1, 2], [3, 4], [5, 6]])\n",
    "print(q)"
   ]
  },
  {
   "cell_type": "code",
   "execution_count": 26,
   "metadata": {},
   "outputs": [
    {
     "name": "stdout",
     "output_type": "stream",
     "text": [
      "[[-1.33333333 -0.33333333  0.66666667]\n",
      " [ 1.08333333  0.33333333 -0.41666667]]\n"
     ]
    }
   ],
   "source": [
    "qPinv = np.linalg.pinv(q)\n",
    "print(qPinv)"
   ]
  },
  {
   "cell_type": "code",
   "execution_count": 27,
   "metadata": {},
   "outputs": [
    {
     "name": "stdout",
     "output_type": "stream",
     "text": [
      "[[ 1.00000000e+00 -8.88178420e-16]\n",
      " [ 1.77635684e-15  1.00000000e+00]]\n"
     ]
    }
   ],
   "source": [
    "# Verify by using the dot product \n",
    "r = np.dot(qPinv, q)\n",
    "print(r)"
   ]
  },
  {
   "cell_type": "code",
   "execution_count": null,
   "metadata": {},
   "outputs": [],
   "source": [
    "# Print the 1,2 Frobenius norm of matrix A using an built-in function."
   ]
  },
  {
   "cell_type": "code",
   "execution_count": 28,
   "metadata": {},
   "outputs": [
    {
     "data": {
      "text/plain": [
       "8.0"
      ]
     },
     "execution_count": 28,
     "metadata": {},
     "output_type": "execute_result"
    }
   ],
   "source": [
    "np.linalg.norm(a, 1)"
   ]
  },
  {
   "cell_type": "code",
   "execution_count": 29,
   "metadata": {},
   "outputs": [
    {
     "data": {
      "text/plain": [
       "7.3484978647418115"
      ]
     },
     "execution_count": 29,
     "metadata": {},
     "output_type": "execute_result"
    }
   ],
   "source": [
    "np.linalg.norm(a, 2)"
   ]
  },
  {
   "cell_type": "code",
   "execution_count": 30,
   "metadata": {},
   "outputs": [
    {
     "data": {
      "text/plain": [
       "8.0"
      ]
     },
     "execution_count": 30,
     "metadata": {},
     "output_type": "execute_result"
    }
   ],
   "source": [
    "np.linalg.norm(a, 'fro')"
   ]
  },
  {
   "cell_type": "code",
   "execution_count": null,
   "metadata": {},
   "outputs": [],
   "source": [
    "# Print the eigen values and eigen vectors of A using built-in function."
   ]
  },
  {
   "cell_type": "code",
   "execution_count": 31,
   "metadata": {},
   "outputs": [],
   "source": [
    "egVal, egVec = np.linalg.eigh(a)"
   ]
  },
  {
   "cell_type": "code",
   "execution_count": 32,
   "metadata": {},
   "outputs": [
    {
     "data": {
      "text/plain": [
       "array([-0.24581024,  2.36491112,  6.88089912])"
      ]
     },
     "execution_count": 32,
     "metadata": {},
     "output_type": "execute_result"
    }
   ],
   "source": [
    "egVal"
   ]
  },
  {
   "cell_type": "code",
   "execution_count": 33,
   "metadata": {},
   "outputs": [
    {
     "data": {
      "text/plain": [
       "array([[ 0.04844347, -0.64249075, -0.76476066],\n",
       "       [-0.54543773,  0.62440251, -0.55912359],\n",
       "       [ 0.83675021,  0.4442152 , -0.32019047]])"
      ]
     },
     "execution_count": 33,
     "metadata": {},
     "output_type": "execute_result"
    }
   ],
   "source": [
    "egVec"
   ]
  },
  {
   "cell_type": "code",
   "execution_count": null,
   "metadata": {},
   "outputs": [],
   "source": [
    "# Compute the singular value decomposition of A using built-in function."
   ]
  },
  {
   "cell_type": "code",
   "execution_count": 34,
   "metadata": {},
   "outputs": [],
   "source": [
    "s1, s2, s3 = np.linalg.svd(a)"
   ]
  },
  {
   "cell_type": "code",
   "execution_count": 35,
   "metadata": {},
   "outputs": [
    {
     "name": "stdout",
     "output_type": "stream",
     "text": [
      "[[-0.83986771  0.53944028  0.06021968]\n",
      " [-0.47805672 -0.68259306 -0.55274631]\n",
      " [-0.25706809 -0.4930222   0.83117092]]\n"
     ]
    }
   ],
   "source": [
    "print(s1)"
   ]
  },
  {
   "cell_type": "code",
   "execution_count": 36,
   "metadata": {},
   "outputs": [
    {
     "name": "stdout",
     "output_type": "stream",
     "text": [
      "[7.34849786 3.16191823 0.04303787]\n"
     ]
    }
   ],
   "source": [
    "print(s2)"
   ]
  },
  {
   "cell_type": "code",
   "execution_count": 37,
   "metadata": {},
   "outputs": [
    {
     "name": "stdout",
     "output_type": "stream",
     "text": [
      "[[-0.73654782 -0.26512988 -0.62225675]\n",
      " [ 0.26534307 -0.95948832  0.09473768]\n",
      " [ 0.62216587  0.09533268 -0.7770594 ]]\n"
     ]
    }
   ],
   "source": [
    "print(s3)"
   ]
  },
  {
   "cell_type": "code",
   "execution_count": null,
   "metadata": {},
   "outputs": [],
   "source": []
  }
 ],
 "metadata": {
  "kernelspec": {
   "display_name": "Python 3",
   "language": "python",
   "name": "python3"
  },
  "language_info": {
   "codemirror_mode": {
    "name": "ipython",
    "version": 3
   },
   "file_extension": ".py",
   "mimetype": "text/x-python",
   "name": "python",
   "nbconvert_exporter": "python",
   "pygments_lexer": "ipython3",
   "version": "3.7.4"
  }
 },
 "nbformat": 4,
 "nbformat_minor": 2
}
